MLR control (terra):
{'mlr': [0.055844783782958984, 66.25731065523956, 0.059560551740288736]}

RF Input Data Experiments Output (terra):
{'50,30': [[9.049069166183472, 8.758494138717651, 8.87314510345459, 8.790568113327026, 8.834961891174316, 8.95548391342163, 8.958202123641968, 8.899431943893433, 8.938251733779907, 8.84115719795227, 8.92976689338684, 8.908964157104492, 8.989049911499023, 8.933408975601196, 8.92870020866394, 8.872638940811157, 8.943716287612915, 8.87920093536377, 8.832180976867676, 8.934969902038574, 8.93856406211853, 8.911724090576172, 8.901272058486938, 8.956950187683105, 9.165797710418701, 8.934324979782104, 9.073465824127197, 8.911587953567505, 9.029263019561768, 8.951494216918945, 8.907530784606934], [64.62774382159921, 64.62711268193804, 64.62710837061304, 64.62724837761547, 64.62709110175582, 64.62694725080091, 64.62689915306531, 64.62697513799327, 64.62724384478759, 64.62745074232046, 64.62756765039455, 64.62719104714539, 64.6269606029824, 64.62697970708999, 64.62692242414242, 64.62710735906795, 64.62732134786498, 64.62716206259402, 64.62735681455494, 64.62741128106099, 64.62716046671795, 64.62766243104166, 64.62710276651624, 64.62720843197435, 64.62722960548369, 64.62731312215864, 64.62689090721031, 64.6273863776389, 64.62738078619869, 64.62709190154895, 64.6270363984756], [0.1052510048300862, 0.10526848056997218, 0.10526859994644067, 0.10526472328229286, 0.10526907810451158, 0.10527306119432955, 0.10527439297079588, 0.10527228902641206, 0.10526484879222797, 0.10525911997630855, 0.10525588288350973, 0.10526631071089498, 0.10527269148608231, 0.10527216251275162, 0.10527374861890493, 0.10526862795515646, 0.1052627028003793, 0.1052671132662385, 0.10526172075816065, 0.10526021262628482, 0.10526715745455617, 0.10525325847749611, 0.10526875511851286, 0.10526582934093287, 0.10526524306571283, 0.10526293056305425, 0.1052746212898783, 0.10526090218131556, 0.10526105700360511, 0.10526905595901093, 0.1052705927849591]]}

MLR control (iceye):
{'mlr': [0.048578739166259766, 67.55377960205078, 0.02239668369293213]}

RF Input Data Experiments Output (iceye):
{'50,30': [[48.340965032577515, 48.463143825531006, 48.56475591659546, 47.761746883392334, 47.65187883377075, 47.77615308761597, 48.160009145736694, 47.60317420959473, 48.3315372467041, 47.538511991500854, 47.65556311607361, 47.95877194404602, 47.93211793899536, 48.12878894805908, 47.98016810417175, 48.0755398273468, 48.92061710357666, 47.89261293411255, 49.1853392124176, 48.28413701057434, 47.88747191429138, 48.28313398361206, 52.30284810066223, 48.49935793876648, 48.31082582473755, 47.88279700279236, 109.41468477249146, 51.24533176422119, 49.15327739715576, 48.15964221954346], [63.82550777398024, 63.82211503034995, 63.829999825905034, 63.820030019793066, 63.820424744743335, 63.816495594837974, 63.825234369971945, 63.820254391997494, 63.81935705651956, 63.82330707441438, 63.819673167476054, 63.8218885441002, 63.822947296743116, 63.81868776035666, 63.81650795486606, 63.81964773495259, 63.81715275431672, 63.8229872435723, 63.81961712007186, 63.825434480632794, 63.8278656261722, 63.82402086093909, 63.8177182795583, 63.82384164441895, 63.81870571227896, 63.828786924627536, 63.81878321466994, 63.81328312773991, 63.818728212212974, 63.82340486421656], [0.12732650257666023, 0.12741927673110554, 0.12720366038553454, 0.12747628863993343, 0.1274654955411667, 0.12757292865042236, 0.12733397895810816, 0.12747015356251, 0.12749468955002474, 0.12738668099574912, 0.12748604611693404, 0.1274254697939604, 0.12739651896615045, 0.1275129899974503, 0.1275725907056936, 0.12748674152090855, 0.12755496067314465, 0.1273954266395002, 0.1274875786262165, 0.12732850682628905, 0.12726202449580293, 0.12736716263670755, 0.12753949800029096, 0.12737206329946094, 0.12751249914369678, 0.12723682992149765, 0.1275103800186621, 0.12766076088548117, 0.12751188393489743, 0.12738400696479912]]}

MLR control (optical):
{'mlr': [0.6236741542816162, 57.386045589927825, 0.2945344223007148]}

RF Input Data Experiments Output (optical):
{'50,30': [[50.732818841934204, 48.65148186683655, 48.82341694831848, 48.96272897720337, 48.80089807510376, 49.021000146865845, 48.68539595603943, 48.69325017929077, 48.8523690700531, 48.722774028778076, 48.35664081573486, 48.71644711494446, 48.733505964279175, 48.90330386161804, 48.78217816352844, 49.07140517234802, 49.073899030685425, 49.161765813827515, 48.85555410385132, 49.39259076118469, 48.90555000305176, 49.1215341091156, 49.16775703430176, 49.008708000183105, 49.0991530418396, 49.085798025131226, 48.80099081993103, 49.17392301559448, 48.81010103225708, 49.14123606681824], [28.584957122586808, 28.582313093308308, 28.579772893721625, 28.587733092014126, 28.578698285335886, 28.599886162706508, 28.57960752500225, 28.59630866216932, 28.584473298647858, 28.572124313359872, 28.55979575883587, 28.60661871986222, 28.586101933460075, 28.57245456964502, 28.597547750563997, 28.597004677459633, 28.595348929821817, 28.572467350182414, 28.597562410258845, 28.591947337448758, 28.58861422363542, 28.58125715777969, 28.61264543077271, 28.593137330934, 28.60061883785667, 28.579659213403087, 28.605631326939605, 28.579357835006, 28.589882383807375, 28.574969962224344], [0.8249595907929531, 0.8249919708004142, 0.8250230764402885, 0.8249255917621802, 0.8250362345668448, 0.8247767066505428, 0.825025101342737, 0.8248205405466723, 0.8249655161489493, 0.8251167193102691, 0.8252676071392675, 0.8246942000500247, 0.8249455699794478, 0.8251126764441682, 0.8248053590391243, 0.8248120129379108, 0.8248322988875533, 0.8251125199889731, 0.8248051794222806, 0.8248739709565053, 0.8249147993027683, 0.8250049014391402, 0.8246203270293304, 0.824859393203688, 0.8247677287548627, 0.825024468431255, 0.8247063016353643, 0.8250281587178883, 0.8248992657759506, 0.825081882475194]]}

MLR control (all):
{'mlr': [0.7227399349212646, 54.22875269136701, 0.37002623977822213]}

RF Parameter Experiments Output (all):
{'50,10': [[25.590302228927612, 24.17191982269287, 23.825974702835083, 24.033063888549805, 23.979769229888916, 24.03771710395813], [31.95518673691304, 31.97490907227231, 31.900765190817854, 31.96106033539585, 31.940439152063114, 31.96189140557842], [0.7812510639947787, 0.7809809625393915, 0.7819955139171639, 0.7811706412758597, 0.7814529263155292, 0.7811592608699753]], '50,15': [[33.4494411945343, 34.542165994644165, 33.348479986190796, 33.64746379852295, 33.35828995704651, 33.480067014694214], [30.721127667349247, 30.725056738608178, 30.71573775103131, 30.71120649664581, 30.723799436141277, 30.694370401527824], [0.7978203055108407, 0.797768586756648, 0.7978912427532132, 0.7979508694272754, 0.7977851374731851, 0.7981723381578164]], '50,30': [[52.352895975112915, 52.65505003929138, 52.479068994522095, 52.28179621696472, 52.21428108215332, 52.740323066711426], [28.80371718343512, 28.83788234732222, 28.82382020033386, 28.80578835672331, 28.826072902645272, 28.83062685617313], [0.8222701780533916, 0.8218483040522988, 0.8220220050545637, 0.822244617290376, 0.8219941845155065, 0.8219379372253557]], '125,10': [[60.294947147369385, 60.15136003494263, 60.15353488922119, 60.283042907714844, 60.11406493186951, 60.03782296180725], [31.94981627235265, 31.935949777312675, 31.939965537885115, 31.955581211395188, 31.941202984004942, 31.956250857072096], [0.7813245847474293, 0.7815143575787548, 0.7814594075179173, 0.781245663218587, 0.7814424734077955, 0.7812364949027409]], '125,15': [[83.91218495368958, 83.19462895393372, 83.41604208946228, 83.48809504508972, 82.2072381973267, 82.77281308174133], [30.680596168490602, 30.698425508816033, 30.68208323481183, 30.685924431173802, 30.676993573045188, 30.698388237763737], [0.7983534396065748, 0.7981190067570183, 0.7983338918067766, 0.7982833940876306, 0.7984007925540328, 0.7981194969653833]], '125,30': [[130.69784021377563, 131.3714439868927, 131.38193821907043, 131.58365392684937, 132.4453182220459, 132.41419911384583], [28.65359175621049, 28.66570676402396, 28.65410788629016, 28.6545465628304, 28.64218312954744, 28.661641698169596], [0.8241180112611761, 0.823969250704416, 0.8241116749663608, 0.8241062894437808, 0.8242580406507244, 0.8240191727842332]], '200,10': [[95.48662781715393, 95.21890687942505, 94.9713659286499, 95.12295389175415, 95.57672595977783, 100.75744009017944], [31.94070142769442, 31.941297455801994, 31.95118189211096, 31.95113202540619, 31.954331913612453, 31.944542464022764], [0.7814493371471534, 0.7814411805602568, 0.7813058908152173, 0.7813065734532558, 0.7812627672082781, 0.7813967702670996]], '200,15': [[132.3592131137848, 132.52006125450134, 132.52779293060303, 132.09845304489136, 133.2244679927826, 132.3171100616455], [30.682478667799028, 30.692619697609146, 30.692989421048274, 30.676558209542517, 30.68374968577073, 30.682121147514675], [0.79832869359746, 0.7981953606467735, 0.7981904987382484, 0.7984065146476322, 0.798311984832385, 0.7983333934239322]], '200,30': [[210.81795406341553, 210.68178701400757, 210.02631282806396, 211.48776721954346, 208.16721105575562, 208.2430510520935], [28.61138535884965, 28.626924379208877, 28.61044712990467, 28.62374010787955, 28.61696592310019, 28.60523109796069], [0.824635773775505, 0.8244452392574178, 0.8246472747282354, 0.824484292205854, 0.8245673585793194, 0.8247112067623519]]}

RF Parameter Experiments Output (all):
{'50,10': [[24.770322799682617, 24.277633905410767, 24.265290021896362, 24.059772968292236, 24.312453031539917, 24.11956000328064, 24.195163011550903, 24.264955043792725], [31.95198216675267, 31.97679458797448, 31.980088036934742, 31.9761822042389, 31.91932889911135, 31.950631162303857, 31.9715283417058, 31.953471358670505], [0.7812949355058175, 0.7809551312846896, 0.7809100079222404, 0.7809635210080655, 0.7817417175477079, 0.781313429836902, 0.7810272741776236, 0.781274548576295]], '50,15': [[33.98270916938782, 33.54166293144226, 33.28120279312134, 34.294281244277954, 33.29241871833801, 33.15486979484558, 33.155375957489014, 33.41610097885132], [30.709823606414936, 30.719733394015883, 30.7307466326279, 30.716224834400876, 30.72526350496084, 30.736996281096875, 30.727255165570305, 30.714782414641242], [0.7979690650965379, 0.7978386568788488, 0.7976936783934901, 0.7978848327105278, 0.7977658648874737, 0.7976113847888693, 0.7977396457590222, 0.7979038147350064]], '50,30': [[52.582828998565674, 52.18510627746582, 52.868207931518555, 53.22334623336792, 52.74256420135498, 52.66098594665527, 52.49504208564758, 52.85816216468811], [28.800381179080563, 28.815884926057524, 28.820354709276412, 28.825455376343818, 28.819172775083544, 28.8186290059151, 28.804772418878557, 28.827023971688455], [0.8223113444848862, 0.8221199871950072, 0.822064799109466, 0.8220018110899504, 0.8220793931967191, 0.8220861072567257, 0.8222571554117857, 0.8219824383013062]], '125,10': [[60.01608490943909, 60.2284197807312, 60.34662890434265, 60.03551483154297, 60.26369118690491, 61.620232105255, 86.458207130432, 59.78310513496399], [31.936265336894404, 31.945009588583595, 31.943922149441637, 31.936822133056282, 31.945000312514352, 31.93051727624122, 31.940635593402597, 31.947122433727717], [0.7815100398378364, 0.7813903769569177, 0.7814052600712305, 0.7815024211992485, 0.7813905039149454, 0.7815886827541976, 0.7814502380737233, 0.7813614582894253]], '125,15': [[83.61198592185974, 83.56859922409058, 83.70321917533875, 83.75163793563843, 83.54483699798584, 83.6333360671997, 83.24671530723572, 83.45354294776917], [30.67912910143688, 30.689330679869446, 30.716101396369485, 30.700957827409297, 30.6902974670424, 30.688617439126983, 30.693941901160382, 30.669423828627746], [0.7983727235833745, 0.7982386090551676, 0.7978864571711097, 0.7980856989850433, 0.7982258969240867, 0.798247987087785, 0.7981779732382865, 0.7985002720672152]], '125,30': [[131.7936360836029, 131.8587770462036, 132.29609870910645, 135.5579459667206, 131.62678217887878, 132.23004388809204, 130.83117413520813, 132.00870418548584], [28.674097269665705, 28.645916014567145, 28.663891987897927, 28.66035377594482, 28.671160828342682, 28.670508990843874, 28.66356354762983, 28.664011507807306], [0.8238661865681876, 0.8242122293888049, 0.823991538401125, 0.8240349879652753, 0.8239022595521336, 0.8239102666088779, 0.8239955719032849, 0.8239900705921306]], '200,10': [[94.75749683380127, 95.57997488975525, 95.66990375518799, 95.61248803138733, 96.0309488773346, 95.72681307792664, 95.805006980896, 99.47371530532837], [31.942349337420744, 31.93240608422584, 31.9442858184209, 31.946028819552705, 31.93250538005084, 31.9442463041051, 31.92498456273931, 31.94762624636053], [0.7814267852908993, 0.7815628423183587, 0.7814002828127657, 0.7813764269061683, 0.7815614838280872, 0.7814008236176512, 0.7816643659973437, 0.7813545622863108]], '200,15': [[132.94409275054932, 133.3793981075287, 132.8346929550171, 133.25917172431946, 132.97051215171814, 132.96013808250427, 132.96308612823486, 132.54380631446838], [30.686440523851736, 30.68297394103728, 30.682493093466626, 30.675899928810885, 30.68236539752892, 30.677129069894317, 30.67345660405879, 30.67796828872071], [0.798276608869932, 0.7983221828322633, 0.798328503961939, 0.7984151664450263, 0.7983301826115277, 0.7983990116678025, 0.7984472774898143, 0.7983879813227771]], '200,30': [[217.512870788574, 295.172549009323, 210.6268618106842, 210.97802710533142, 215.02947998046875, 211.8229911327362, 209.17050981521606, 208.30282998085022], [28.618312773650402, 28.606297717483386, 28.619334198902884, 28.630495797828548, 28.620074689982403, 28.616167037611383, 28.628945393030026, 28.626227250614555], [0.8245508448014071, 0.8246981343327603, 0.8245383205553306, 0.8244014330389691, 0.8245292407152207, 0.8245771533727726, 0.82442045062716, 0.8244537894426769]]}

RF Parameter Experiments Output (all):
{'50,10': [[24.985573291778564, 24.98638391494751, 24.8445942401886, 25.63001823425293, 25.920901775360107, 24.0126850605011, 24.1264009475708, 24.172714948654175], [31.91792760823125, 31.96208560175663, 31.946251252448523, 31.95705816185625, 31.954997549876804, 31.966584162875797, 31.980081580952024, 31.94303897375935], [0.7817608806465474, 0.7811566015677618, 0.781373382443645, 0.7812254416001573, 0.7812536541433338, 0.7810949942185499, 0.7809100963798492, 0.7814173471836947]], '50,15': [[33.559532165527344, 33.66654896736145, 33.317537784576416, 33.685574769973755, 33.418686866760254, 33.53925800323486, 33.54895806312561, 33.48169422149658], [30.733825034917427, 30.721269418363175, 30.743460204340455, 30.74524861916931, 30.69998716225891, 30.69865982930103, 30.75017993830086, 30.716579157025116], [0.7976531449535409, 0.7978184397432089, 0.7975262520699459, 0.7975026946965644, 0.7980984665396035, 0.7981159248378642, 0.7974377312330667, 0.797880169742347]], '50,30': [[52.61536908149719, 52.61046504974365, 52.077173948287964, 52.23845887184143, 52.849104166030884, 52.51769495010376, 52.2699179649353, 52.68961787223816], [28.817784578848432, 28.805732938185393, 28.80379989743359, 28.8127038141186, 28.815549034529468, 28.823231326888315, 28.78174459911807, 28.828583777175428], [0.822096533367245, 0.8222453012455463, 0.8222691572986581, 0.8221592589369792, 0.8221241340772728, 0.8220292771957152, 0.8225412329287995, 0.8219631730256327]], '125,10': [[60.263259172439575, 60.116758584976196, 60.54629302024841, 60.15671396255493, 60.484200954437256, 60.41247582435608, 60.369555950164795, 60.54016613960266], [31.95167391035485, 31.95052598759591, 31.942227792752153, 31.9642149763067, 31.940803799340653, 31.930259950156657, 31.93975482378906, 31.95155356778325], [0.781299155394888, 0.7813148695742377, 0.7814284486850422, 0.7811274410748099, 0.7814479362119205, 0.7815922030668901, 0.7814622910170521, 0.7813008028185917]], '125,15': [[84.16704893112183, 84.25409984588623, 83.75406098365784, 84.22020506858826, 84.27338314056396, 83.8792839050293, 84.09942603111267, 83.97312784194946], [30.67794431629392, 30.701734527839708, 30.690902349576852, 30.689129074218105, 30.688323968263767, 30.688002115396497, 30.681470767452154, 30.674615713873706], [0.7983882964106228, 0.7980754824368066, 0.7982179432159977, 0.7982412598854158, 0.798251845720674, 0.7982560774852685, 0.7983419429338856, 0.7984320443743536]], '125,30': [[132.75506925582886, 132.44876790046692, 132.25276398658752, 131.97442293167114, 131.9818229675293, 132.50779271125793, 133.3234088420868, 133.53245401382446], [28.669325977772882, 28.659618267807577, 28.65719579557353, 28.64386500238181, 28.65973492255507, 28.649094488461767, 28.664837874968633, 28.65322170809283], [0.8239247980675639, 0.8240440193986303, 0.8240737637210409, 0.8242374008619155, 0.8240425869900008, 0.8241732173469093, 0.823979921913374, 0.8241225541037731]], '200,10': [[95.88149309158325, 96.42359614372253, 96.3888418674469, 96.12139701843262, 96.09454703330994, 95.92569017410278, 96.02373719215393, 96.37469267845154], [31.947117744878224, 31.944382861972134, 31.93627769364994, 31.93450036934715, 31.937309483149424, 31.945848831664584, 31.939162455974003, 31.935566136125534], [0.781361522468172, 0.7813989546425135, 0.7815098707618646, 0.7815341890004954, 0.7814957526817983, 0.7813788904038748, 0.781470397122151, 0.781519606809691]], '200,15': [[133.64944911003113, 133.68564581871033, 133.8371889591217, 133.84044528007507, 133.82637190818787, 133.28272199630737, 134.06543517112732, 134.07802891731262], [30.67963773053346, 30.679204535558576, 30.684847055029877, 30.6865689321681, 30.67729878998821, 30.66639505958932, 30.685225525916053, 30.670939937237968], [0.7983660379731522, 0.798371732056193, 0.7982975582914447, 0.7982749206314281, 0.7983967809614518, 0.7985400684458903, 0.7982925826125693, 0.7984803497481592]], '200,30': [[210.6871781349182, 210.81041312217712, 210.0731861591339, 209.28716611862183, 208.89781785011292, 210.38545203208923, 210.0114390850067, 210.34286308288574], [28.61134378896053, 28.616594058192934, 28.616079661370577, 28.610701932438662, 28.616382694698537, 28.62653016106369, 28.608347319661142, 28.61710253483654], [0.8246362833534966, 0.8245719178899914, 0.8245782246389186, 0.8246441513574262, 0.824574509320365, 0.8244500743137251, 0.8246730131541423, 0.8245656836138442]]}

RF Parameter Experiments Output (all):
{'50,10': [[24.146385192871094, 24.190613985061646, 24.55377221107483, 24.112694025039673, 24.020551919937134, 23.975546836853027, 24.115308046340942, 23.864776134490967], [31.95213814672124, 31.958676067269185, 32.01508667717472, 31.947823467028346, 31.987254625354403, 31.956169806659393, 31.961564728921314, 31.972904094298894], [0.7812928001958908, 0.7812032890290151, 0.7804302063902102, 0.7813518627722995, 0.7808118028311581, 0.7812376045979906, 0.7811637343096005, 0.7810084287365378]], '50,15': [[33.1181800365448, 33.2969069480896, 33.47369337081909, 33.38841390609741, 33.28445911407471, 33.56351900100708, 33.44081115722656, 33.4322669506073], [30.71520857153883, 30.736954930172267, 30.72033890960383, 30.74816326748046, 30.74475937506178, 30.7270832581934, 30.73609126429846, 30.724639146027183], [0.7978982066678783, 0.7976119293411517, 0.7978306872100109, 0.7974642994041995, 0.7975091392582195, 0.7977419088931356, 0.7976233028304601, 0.7977740838832856]], '50,30': [[53.169353008270264, 53.02938103675842, 52.62356996536255, 52.995075941085815, 52.27726411819458, 52.47603106498718, 52.60955214500427, 52.93437695503235], [28.811102178533673, 28.81846553378175, 28.798018323975732, 28.830546421835997, 28.82450263539001, 28.834298156990855, 28.81670283784604, 28.7982656824698], [0.822179029948021, 0.8220881256651035, 0.8223404993298356, 0.8219389307718421, 0.8220135773125115, 0.8218925853832091, 0.8221098891380093, 0.8223374473298832]], '125,10': [[60.51625990867615, 60.759162187576294, 60.27563285827637, 60.51914310455322, 60.24019694328308, 60.367249965667725, 60.387596130371094, 60.37868881225586], [31.94200564514505, 31.95345556622236, 31.931017016315526, 31.9458001014551, 31.96264864730494, 31.937678758730023, 31.956463943036155, 31.95562664383515], [0.781431488859859, 0.7812747647787512, 0.7815818460505449, 0.7813795573728071, 0.781148891189402, 0.7814906997358503, 0.7812335774398627, 0.781245041195769]], '125,15': [[83.80640530586243, 83.58466410636902, 83.56472396850586, 83.60823678970337, 83.81693291664124, 83.65780997276306, 83.59726810455322, 83.8176200389862], [30.688702976081043, 30.690087308377755, 30.69617858875226, 30.690575799818312, 30.708108189457302, 30.69463175968303, 30.7088972220177, 30.68743969501546], [0.7982468624182397, 0.7982286603010738, 0.7981485583607936, 0.7982222370963552, 0.7979916349176288, 0.7981689010760809, 0.7979812537359368, 0.7982634721572064]], '125,30': [[131.84334516525269, 131.39963102340698, 131.8544099330902, 132.05429005622864, 131.7317452430725, 132.00991320610046, 131.9168860912323, 131.6585340499878], [28.649429294555883, 28.643536774668423, 28.673635923565268, 28.659441115196852, 28.65094788443574, 28.663370411778317, 28.661244859807365, 28.658417380591626], [0.8241691077425137, 0.8242414289374198, 0.8238718542614734, 0.8240461946519575, 0.8241504670856619, 0.8239979437403046, 0.8240240458798173, 0.8240587648051262]], '200,10': [[95.80342602729797, 95.79490804672241, 95.71403169631958, 95.65669417381287, 95.89068794250488, 95.45867323875427, 95.6816349029541, 96.11210417747498], [31.93683602633846, 31.94234621817727, 31.945175413591468, 31.921850330174493, 31.947375374917566, 31.941673746475114, 31.942003970338455, 31.947624300850386], [0.7815022310958522, 0.7814268279792459, 0.7813881073669555, 0.7817072340564678, 0.7813579961364923, 0.7814360309804798, 0.7814315117801464, 0.7813545889159516]], '200,15': [[132.59611916542053, 133.19354820251465, 132.91276717185974, 133.18739199638367, 132.67970395088196, 133.13806915283203, 133.2507679462433, 133.36533093452454], [30.68677699128657, 30.670693552652423, 30.686082676285505, 30.691811252283014, 30.66580333417102, 30.697154252867726, 30.6951890319314, 30.689318976356688], [0.7982721851751076, 0.7984835874145743, 0.7982813136061242, 0.7982059915978242, 0.7985478429372798, 0.7981357266438094, 0.7981615723749464, 0.798238762940346]], '200,30': [[209.67688417434692, 210.7358899116516, 211.22310876846313, 210.37912797927856, 211.60621786117554, 209.69748973846436, 211.4395089149475, 211.0706648826599], [28.615409496881192, 28.622331087163456, 28.627415620452528, 28.628330164566282, 28.610666090915878, 28.619596030341683, 28.616922167337506, 28.61881014615511], [0.8245864410032361, 0.824501571511806, 0.8244392141268242, 0.8244279968622213, 0.8246445907046832, 0.8245351100268244, 0.8245678950570982, 0.8245447463046327]]}

GBT Parameter Experiments Output (all):
{'50,10': [[6.292736053466797], [29.504955291748047], [0.8135109543800354]], '50,15': [[15.621892929077148], [28.03188705444336], [0.8316674828529358]], '50,30': [[337.7106649875641], [27.000747680664062], [0.8438237905502319]], '125,10': [[13.185472011566162], [29.04959487915039], [0.8192228674888611]], '125,15': [[33.9771568775177], [27.399911880493164], [0.8391720056533813]], '125,30': [[663.6505689620972], [27.00827980041504], [0.8437366485595703]], '200,10': [[19.626582145690918], [28.836502075195312], [0.8218653202056885]], '200,15': [[52.88797330856323], [27.048095703125], [0.8432755470275879]], '200,30': [[669.8555920124054], [27.008310317993164], [0.8437362909317017]]}

GBT Parameter Experiments Output (all):
{'50,10': [[6.105543851852417, 6.190587759017944], [29.504955291748047, 29.504955291748047], [0.8135109543800354, 0.8135109543800354]], '50,15': [[14.861382246017456, 15.053815126419067], [28.03188705444336, 28.03188705444336], [0.8316674828529358, 0.8316674828529358]], '50,30': [[335.56153416633606, 343.730859041214], [27.000747680664062, 27.000747680664062], [0.8438237905502319, 0.8438237905502319]], '125,10': [[12.896703004837036, 12.939136981964111], [29.04959487915039, 29.04959487915039], [0.8192228674888611, 0.8192228674888611]], '125,15': [[33.64435791969299, 33.11394810676575], [27.399911880493164, 27.399911880493164], [0.8391720056533813, 0.8391720056533813]], '125,30': [[669.2420601844788, 646.474974155426], [27.00827980041504, 27.00827980041504], [0.8437366485595703, 0.8437366485595703]], '200,10': [[19.486629009246826, 19.514070987701416], [28.836502075195312, 28.836502075195312], [0.8218653202056885, 0.8218653202056885]], '200,15': [[52.86314511299133, 53.47129988670349], [27.048095703125, 27.048095703125], [0.8432755470275879, 0.8432755470275879]], '200,30': [[667.8660237789154, 653.8064889907837], [27.008310317993164, 27.008310317993164], [0.8437362909317017, 0.8437362909317017]]}

GBT Parameter Experiments Output (all):
{'50,10': [[6.612621068954468, 6.2509520053863525], [29.504955291748047, 29.504955291748047], [0.8135109543800354, 0.8135109543800354]], '50,15': [[15.195224046707153, 15.222428798675537], [28.03188705444336, 28.03188705444336], [0.8316674828529358, 0.8316674828529358]], '50,30': [[342.08899903297424, 344.1218247413635], [27.000747680664062, 27.000747680664062], [0.8438237905502319, 0.8438237905502319]], '125,10': [[12.799131155014038, 13.013072967529297], [29.04959487915039, 29.04959487915039], [0.8192228674888611, 0.8192228674888611]], '125,15': [[33.479724168777466, 33.90218114852905], [27.399911880493164, 27.399911880493164], [0.8391720056533813, 0.8391720056533813]], '125,30': [[660.2045047283173, 658.5585248470306], [27.00827980041504, 27.00827980041504], [0.8437366485595703, 0.8437366485595703]], '200,10': [[19.614354848861694, 19.61817479133606], [28.836502075195312, 28.836502075195312], [0.8218653202056885, 0.8218653202056885]], '200,15': [[52.826457023620605, 53.93639016151428], [27.048095703125, 27.048095703125], [0.8432755470275879, 0.8432755470275879]], '200,30': [[664.504478931427, 656.2147679328918], [27.008310317993164, 27.008310317993164], [0.8437362909317017, 0.8437362909317017]]}

CNN Parameter Experiments Output (all):
{'1simple': [[406.3990378379822, 297.4353952407837, 291.6627733707428, 263.5592567920685,266.83352398872375, 283.1493549346924, 257.1683452129364, 274.11140298843384,280.4656879901886, 277.0198829174042, 256.94272804260254, 273.03353214263916,276.9774127006531, 275.52179288864136, 264.6727409362793, 276.5630440711975,271.10074400901794, 266.8280498981476, 282.50568199157715, 286.5975329875946, 270.2539451122284, 257.68308305740356, 266.0010130405426, 280.13049697875977, 264.6681261062622, 283.2488441467285, 269.38503766059875, 273.3338770866394, 272.6098532676697, 272.23899102211],[43.8153076171875, 46.9935188293457, 45.670249938964844, 48.01249313354492, 46.92543411254883, 46.996700286865234, 47.562007904052734, 47.749935150146484, 45.81048583984375, 45.450042724609375, 48.36851501464844, 45.36733627319336, 45.58990478515625, 47.18190002441406, 47.21883773803711, 47.49626541137695, 47.490203857421875, 47.846290588378906, 47.10060119628906, 48.31942367553711, 47.52783966064453, 44.952781677246094, 47.76588439941406, 47.32758712768555,44.614593505859375, 46.34050369262695, 47.44556427001953, 44.11500930786133, 47.3161735534668, 48.06958770751953], [0.6165758967399597, 0.5286902189254761, 0.5602140426635742, 0.5306150913238525, 0.5328282117843628, 0.5294412970542908, 0.532593309879303, 0.5137136578559875, 0.5554304122924805, 0.5602769255638123, 0.5161218643188477, 0.5616833567619324, 0.5559250116348267, 0.5292083024978638, 0.5247682332992554, 0.5210627317428589, 0.5197182297706604, 0.5126525163650513, 0.5290901064872742, 0.511223316192627, 0.5204302072525024, 0.5711273550987244, 0.5116448402404785, 0.5305545926094055, 0.5780150294303894, 0.5411412119865417, 0.5206125974655151, 0.584414005279541, 0.5233924388885498, 0.513383686542511]], '2simple': [[2053.563638687134, 2015.5555701255798, 2320.2687759399414, 1622.9825999736786, 1634.8177390098572, 2491.8346490859985, 2560.508650302887, 2300.84658908844, 2528.8011548519135, 2529.419268131256, 1948.0510671138763, 1378.4361929893494, 1483.7364590168, 1204.0780911445618, 1194.2570769786835, 1204.107902765274, 1378.3067920207977, 1376.531741142273, 1851.789883852005, 2571.8467669487, 2331.92450094223, 2041.337933063507, 2115.0049180984497, 2521.1300780773163, 1950.048527956009, 2538.7465069293976, 1511.0240697860718, 1773.902110338211, 1271.7786748409271, 1411.944538116455], [72.88240051269531, 69.19734191894531, 63.59624099731445, 63.83254623413086, 108.99744415283203, 46.794525146484375, 48.64973068237305, 58.69523239135742, 70.02242279052734, 47.94694519042969, 105.1684341430664, 65.85992431640625, 63.032962799072266, 88.33924865722656, 68.58097076416016, 101.50419616699219, 72.19908905029297, 74.18439483642578, 109.07752990722656, 47.45162582397461, 45.67886734008789, 108.94039916992188, 57.30636978149414, 44.8667106628418, 78.22251892089844, 47.0910530090332, 70.50990295410156, 48.18069839477539, 108.67352294921875, 63.08399200439453],[0.004302440211176872, 0.06962942332029343, 0.2570865750312805, 0.14547422528266907, 0.002556262770667672, 0.5451290607452393, 0.5259104371070862, 0.3506786525249481, 0.670254111289978, 0.5191470980644226, 0.0029840951319783926, 0.07526356726884842, 0.17281493544578552, 0.001501469872891903, 0.000796353560872376, 0.005379101727157831, 0.0027747657150030136, 0.0014991597272455692,6.209564162418246e-05, 0.5968974828720093, 0.5773642659187317, 0.0019232695922255516, 0.3579167127609253, 0.5696472525596619, 0.005984045565128326, 0.5261391997337341, 0.006551236845552921, 0.5289115309715271, 0.022142454981803894, 0.27924302220344543]]}
