MLR control (optical):
{'mlr': [2.572222948074341, 93.62510334502241, 0.3580996075855567]}

RF Input Data Experiments Output (optical):
{'50,30': [[209.88922882080078, 204.18474507331848, 205.16578912734985, 204.36322903633118, 204.65330410003662, 213.83429789543152, 993.2108778953552, 203.5184931755066, 204.73240423202515, 203.29993605613708, 203.7025351524353, 202.52645111083984, 204.70557188987732, 203.6141037940979, 204.20500302314758, 203.79412007331848, 204.86155581474304, 205.96263694763184, 203.54699230194092, 203.2104139328003, 204.4399058818817, 205.61443209648132, 206.04453921318054, 135.03749775886536, 122.20119094848633, 147.96016311645508, 157.82100319862366, 161.04404401779175, 165.13145899772644, 182.72530317306519], [69.34920005111026, 69.35535011849605, 69.35076238398317, 69.34203574782323, 69.34473047300611, 69.34832467126098, 69.34711928258473, 69.351782778469, 69.35160187427414, 69.3456923599649, 69.34882145265597, 69.34932366442364, 69.34991083434447, 69.34669610342236, 69.3392170978868, 69.34597659063725, 69.34979986471778, 69.34942110701641, 69.33652005717649, 69.34053671155722, 69.34824402553674, 69.34554582315666, 69.34891574268707, 69.34359722912882, 69.34810052719763, 69.34674891385436, 69.35375667934679, 69.34983856924377, 69.3505794300245, 69.34343435865941], [0.647818991604294, 0.6477565241793637, 0.6478031232117507, 0.6478917538344227, 0.6478643864984536, 0.6478278825565205, 0.6478401251188368, 0.6477927590172554, 0.6477945964807408, 0.6478546174215182, 0.6478228369210779, 0.6478177360944937, 0.6478117723245094, 0.6478444230988456, 0.6479203785987162, 0.6478517307036682, 0.6478128994251621, 0.6478167463926416, 0.6479477672726728, 0.6479069774233938, 0.647828701643617, 0.6478561056813978, 0.6478218792460219, 0.6478758957296391, 0.6478301590977984, 0.6478438867360115, 0.6477727095809456, 0.6478125063097208, 0.6478049814675402, 0.647877549827583]]}

MLR control (interferogram):
{'mlr': [0.08017706871032715, 116.83895111083984, 0.00032651424407958984]}

RF Input Data Experiments Output (interferogram):
{'50,30': [[43.11700081825256, 44.91195797920227, 56.05199408531189, 63.3791720867157, 66.35203576087952, 68.96322584152222, 70.0531358718872, 71.27871823310852, 72.98400926589966, 72.91155219078064, 70.91276168823242, 71.42863202095032, 67.82070398330688, 66.67971801757812, 69.35361790657043, 70.23682427406311, 70.16163396835327, 68.89618301391602, 68.9782440662384, 69.86749482154846, 69.21263098716736, 68.69123005867004, 67.02653121948242, 62.931337118148804, 64.30542802810669, 64.2619400024414, 63.90522789955139, 63.7871880531311, 63.4247260093689, 63.394789934158325], [105.63098640913172, 105.47273396452049, 105.6548420782992, 105.5681197195239, 105.64873266333146, 105.54750081867525, 105.65288542593089, 105.60672735246605, 105.44735133070218, 105.62263323761889, 105.65302504396749, 105.66328228484358, 105.74250604492117, 105.65957522272139, 105.6642348655062, 105.59950466633912, 105.61130287021928, 105.6101982787973, 105.60392157447062, 105.59522871611549, 105.5823850737048, 105.69520213002353, 105.62482663616788, 105.51385958511398, 105.57753425711658, 105.59832141728131, 105.58636180319998, 105.53529621430403, 105.6246171716451, 105.6004433295], [0.18291790882433123, 0.18536431934460507, 0.1825488080187705, 0.1838901985330279, 0.182643342335569, 0.1842089622625107, 0.18257908496526531, 0.1832931654667176, 0.18575636590123334, 0.18304713145519547, 0.18257692455519836, 0.18241819909739776, 0.18119173356960117, 0.18247556573023416, 0.18240345762604804, 0.18340487455106513, 0.18322239464243772, 0.18323947995042889, 0.18333656171015844, 0.18347100458504018, 0.18366962281388266, 0.18192415753859936, 0.18301320081386974, 0.18472891475720843, 0.18374463112075856, 0.18342317444749923, 0.1836081279684605, 0.18439761346033845, 0.18301644114260263, 0.18339035722599373]]}

MLR control (iceye):
{'mlr': [0.10370612144470215, 105.6528091430664, 0.18258053064346313]}

RF Input Data Experiments Output (iceye):
{'50,30': [[86.42251110076904, 109.47815871238708, 118.3398859500885, 118.60861325263977, 116.70977115631104, 116.14101195335388, 117.28148579597473, 119.55408811569214, 119.14604997634888, 121.51374912261963, 118.92193222045898, 117.31857895851135, 154.53018069267273, 150.78762102127075, 149.41146063804626, 139.67617297172546, 113.15835905075073, 113.60652709007263, 120.65807485580444, 120.81192517280579, 118.962895154953, 116.10053086280823, 116.56104803085327, 115.63670206069946, 118.39151787757874, 182.35692024230957, 168.39518022537231, 167.83688402175903, 167.56496119499207, 170.26601815223694], [90.5332995926413, 90.53310266465544, 90.53357683507242, 90.53675570924177, 90.53732763720055, 90.5395976156661, 90.53168356831262, 90.5312460915763, 90.53223129991353, 90.53125628535419, 90.53149330241536, 90.53330192307835, 90.53297673347633, 90.53306900176729, 90.53708373241608, 90.53161024307434, 90.5345469996515, 90.53682411159264, 90.53061503961335, 90.53735080605293, 90.532822376888, 90.53387142836533, 90.53687579190813, 90.53422687990503, 90.53051272689783, 90.53381791300212, 90.53800660816131, 90.53270988510485, 90.53134757272382, 90.53311361325348], [0.3997948478672766, 0.3997974589963019, 0.3997911718145737, 0.39974902122461353, 0.3997414375333562, 0.3997113374381236, 0.399816275065349, 0.39982207559335026, 0.3998090126225442, 0.39982194043381003, 0.3998187978147433, 0.3997948169672576, 0.39979912875374746, 0.39979790534237114, 0.39974467168532246, 0.3998172472906536, 0.3997783079802816, 0.39974811422075107, 0.3998304426965029, 0.3997411303163405, 0.3998011754086388, 0.3997872656884933, 0.399747428947858, 0.3997825526025288, 0.3998317992529, 0.399787975270277, 0.3997324344034492, 0.3998026669647906, 0.39982073005175556, 0.3997973138256061]]}

MLR control (all):
{'mlr': [1.6858360767364502, 90.73579046817662, 0.3971069532729664]}

RF Parameter Experiments Output (all):
{'50,10': [[49.244954109191895], [67.98573989115948], [0.6615311719131279]], '50,15': [[57.75086998939514], [64.9651442812953], [0.6909392631956068]], '50,30': [[110.81235885620117], [62.7241941732212], [0.7118934034053441]], '125,10': [[116.35766696929932], [68.17659172048953], [0.6596281826953124]], '125,15': [[174.7209711074829], [64.87498838656616], [0.6917964709663722]], '125,30': [[330.0383930206299], [62.53203282132298], [0.7136559815959603]], '200,10': [[218.75179314613342], [67.9418583626313], [0.6619679616358631]], '200,15': [[314.79419803619385], [64.93351038014578], [0.6912401758331668]], '200,30': [[585.8515591621399], [62.46437878534929], [0.7142752433755551]]}

GBT Parameter Experiments Output (all):
{'50,10': [[13.972223997116089], [63.237037658691406], [0.7071630358695984]], '50,15': [[28.75660991668701], [62.76729202270508], [0.71149742603302]], '50,30': [[652.7112839221954], [64.60269927978516], [0.6943782567977905]], '125,10': [[31.503569841384888], [62.815574645996094], [0.7110533714294434]], '125,15': [[65.9139997959137], [62.910396575927734], [0.710180401802063]], '125,30': [[1229.924488067627], [64.60733032226562], [0.6943345069885254]], '200,10': [[49.92111897468567], [62.66801071166992], [0.7124093770980835]], '200,15': [[99.58855772018433], [63.09362030029297], [0.7084897756576538]], '200,30': [[1293.194853067398], [64.60736083984375], [0.6943342089653015]]}
