MLR control (optical):
{'mlr': [2.1004397869110107, 84.26676203224953, 0.2567204207448016]}

RF Input Data Experiments Output (optical):
{'50,30': [[346.62193989753723, 341.50311398506165, 342.1562702655792, 341.08681297302246, 343.85657691955566, 344.346378326416, 345.1042606830597, 344.9342679977417, 344.2114052772522, 344.6629009246826, 345.22744131088257, 344.06443071365356, 345.7611999511719, 343.7728419303894, 345.67081212997437, 343.8083350658417, 345.24238896369934, 342.6112608909607, 343.83242106437683, 343.629478931427, 341.26578402519226, 341.7493999004364, 343.5585467815399, 344.0251131057739, 342.4370827674866, 342.20731377601624, 342.20411682128906, 342.8605468273163, 341.40729308128357, 342.3312609195709], [49.26913705587127, 49.27201127696543, 49.270185182926284, 49.275874212704316, 49.285214076605484, 49.27208070347648, 49.26752069674806, 49.284519475646704, 49.29286581312546, 49.29681523662874, 49.285673347492114, 49.292664482283314, 49.30331548145588, 49.29163461749731, 49.27489785207915, 49.288759474667174, 49.3028607350954, 49.270591948077715, 49.27991314240704, 49.278893474657664, 49.28009830171343, 49.295267340076975, 49.28715813325306, 49.297592757342784, 49.30025813610271, 49.288717208302025, 49.28042934251178, 49.28233020848494, 49.29052590505491, 49.27735133681726], [0.7459088727823329, 0.7458792260126288, 0.7458980618514514, 0.7458393782095758, 0.7457430206867632, 0.7458785098766036, 0.7459255443052881, 0.7457501873756136, 0.7456640656299731, 0.7456233083909428, 0.745738282009065, 0.7456661432354212, 0.7455562200899543, 0.7456767706482216, 0.7458494500741172, 0.7457064387365072, 0.7455609137641269, 0.7458938662008922, 0.7457977116142529, 0.7458082310805887, 0.7457958013832957, 0.7456392827544037, 0.745722961943843, 0.7456152841522293, 0.7455877757117496, 0.7457068748627163, 0.7457923861204858, 0.7457727749308443, 0.745688211460026, 0.7458241402288794]]}

MLR control (interferogram):
{'mlr': [0.6082959175109863, 97.20438385009766, 0.01096642017364502]}

RF Input Data Experiments Output (interferogram):
{'50,30': [[209.90939617156982, 212.61905479431152, 211.1053981781006, 211.87363982200623, 211.75359797477722, 210.75562500953674, 211.20498299598694, 213.86243391036987, 213.290785074234, 212.14833092689514, 212.04402494430542, 212.63482332229614, 213.43174409866333, 211.0344021320343, 212.45487689971924, 212.90368103981018, 211.13473796844482, 213.64535784721375, 212.64107584953308, 212.13766717910767, 212.2292079925537, 211.80385494232178, 213.12084317207336, 211.03469395637512, 211.83849501609802, 212.64163303375244, 211.18245005607605, 212.094064950943, 214.3947513103485, 212.435537815094], [80.12565681964185, 80.09465861160794, 80.13262486029168, 80.08364604200425, 80.05906375925197, 80.15152906125276, 80.06889090462158, 80.00018479284195, 80.05997622576083, 80.02822594217182, 80.104528865964, 80.09762091173506, 79.95957994192163, 80.21106152854686, 80.1958320981391, 80.0920764699646, 80.12552817797118, 80.0479401122125, 80.11286657894927, 80.13598925251178, 80.14834342682732, 80.067643733453, 80.16865029859434, 80.11451389665471, 80.1570041701456, 80.02031584286605, 80.16343422621595, 80.22862804478112, 80.1038930296997, 80.07889697414717], [0.3279790787003851, 0.3284989475069189, 0.32786219048019083, 0.32868359012417536, 0.32909565820141884, 0.3275450231087489, 0.32893094283174085, 0.3300821206089892, 0.32908036496159265, 0.3296124077054796, 0.3283334359812212, 0.3284492756693034, 0.3307619943467085, 0.3265457216210027, 0.32680143077635637, 0.32854224334990734, 0.32798123655663414, 0.3292820801825391, 0.32819360732085645, 0.32780574948147057, 0.32759847569232603, 0.3289518481159929, 0.3272577050482056, 0.3281659790511272, 0.3274531498777119, 0.32974492520905707, 0.3273452444624956, 0.32625071141362605, 0.32834409875572357, 0.32876320769434153]]}

MLR control (all):
{'mlr': [4.474884748458862, 83.98735480302736, 0.26164130246575323]}

RF Parameter Experiments Output (all):
{'50,10': [[149.2989809513092], [56.685929813494155], [0.663651002265059]], '50,15': [[212.92546701431274], [53.63379764403116], [0.6988958878514412]], '50,30': [[361.0576958656311], [48.30792964642231], [0.7557264529627058]], '125,10': [[372.39632987976074], [56.68720599265489], [0.6636358575399095]], '125,15': [[530.7245810031891], [53.58879937671293], [0.6994009231132254]], '125,30': [[925.6469399929047], [48.03837044699566], [0.7584449495227985]], '200,10': [[591.1881601810455], [56.64071880975541], [0.6641873121271016]], '200,15': [[842.336874961853], [53.58843740065573], [0.6994049840103691]], '200,30': [[1499.1480147838593], [47.964169702710414], [0.7591905918861585]]}

GBT Parameter Experiments Output (all):
{'50,10': [[27.152313232421875], [51.267921447753906], [0.7248745560646057]], '50,15': [[36.23765587806702], [48.41720199584961], [0.7546203136444092]], '50,30': [[750.0352988243103], [44.06959915161133], [0.7967092990875244]], '125,10': [[43.60950803756714], [50.30229187011719], [0.7351409196853638]], '125,15': [[86.61247706413269], [46.97008514404297], [0.7690690755844116]], '125,30': [[2201.638841152191], [44.09030532836914], [0.7965182065963745]], '200,10': [[64.0625102519989], [49.83348846435547], [0.740054726600647]], '200,15': [[130.0349040031433], [46.06278991699219], [0.7779045104980469]], '200,30': [[2461.338347196579], [44.09033966064453], [0.7965179085731506]]}

CNN Parameter Experiments Output (all):
{'1simple': [[3401.1074652671814], [83.68228149414062], [0.26978886127471924]], '2simple': [[9415.401186943054], [81.0304946899414], [0.31279581785202026]]}
